"TOA5","39106","CR800","39106","CR800.Std.29","CPU:SN588.CR8","1453","OperatorView"
"TIMESTAMP","RECORD","Counter","DepthCm","BattVolts","latitude_a","latitude_b","Longitude_a","Longitude_b","fix_quality","nmbr_satellites","HDOP","altitudeB","DepthVolts","LatitudeDDDDD","LongitudeDDDDD","month","dayofmonth","hourofday","minutes","seconds","microseconds"
"TS","RN","","","","degrees","minutes","degrees","minutes","unitless","","","","","","","","","","","",""
"","","Smp","Smp","Smp","Smp","Smp","Smp","Smp","Smp","Smp","Smp","Smp","Smp","Smp","Smp","Smp","Smp","Smp","Smp","Smp","Smp"
"2018-03-26 14:12:10.53",25389,700001,30.49,13.4,64,44.7209,-165,-57.9791,1,7,1.2,279.5,1.984,0.7453483,-0.9663183,3,26,14,15,0,360000
"2018-03-26 14:15:15.14",25390,700002,0,13.39,64,44.7201,-165,-57.9776,1,8,0.9,276.3,0,0.745335,-0.9662934,3,26,14,15,14,460000
"2018-03-26 14:15:16.45",25391,700003,0,13.39,64,44.7198,-165,-57.9774,1,8,0.9,276.2,0,0.74533,-0.9662901,3,26,14,15,15,770000
"2018-03-26 14:15:23.22",25392,700004,129.9,13.39,64,44.7196,-165,-57.9762,1,8,0.9,274.1,8.45,0.7453267,-0.96627,3,26,14,15,22,540000
"2018-03-26 14:15:24.46",25393,700005,129.8,13.39,64,44.7196,-165,-57.9763,1,8,0.9,274,8.44,0.7453267,-0.9662716,3,26,14,15,23,780000
"2018-03-26 14:15:28.6",25394,700006,0,13.39,64,44.7194,-165,-57.9762,1,8,0.9,273.9,0,0.7453233,-0.96627,3,26,14,15,27,920000
"2018-03-26 15:08:28.06",25395,700007,93,12.97,64,44.7706,-165,-58.127,2,11,0.7,269.9,6.053,0.7461766,-0.9687833,3,26,15,8,27,370000
"2018-03-26 15:08:36.57",25396,700008,101.4,12.97,64,44.7709,-165,-58.1275,2,11,0.7,270,6.598,0.7461817,-0.9687917,3,26,15,8,35,890000
"2018-03-26 15:08:44.89",25397,700009,121.1,12.97,64,44.7715,-165,-58.1283,2,11,0.7,269.9,7.877,0.7461917,-0.968805,3,26,15,8,44,210000
"2018-03-26 15:08:52.43",25398,700010,122.9,12.97,64,44.7717,-165,-58.1294,2,11,0.7,269.7,7.993,0.746195,-0.9688233,3,26,15,8,51,750000
"2018-03-26 15:08:59.21",25399,700011,87.1,12.97,64,44.7721,-165,-58.1306,2,11,0.7,270.5,5.664,0.7462016,-0.9688434,3,26,15,8,58,530000
"2018-03-26 15:09:06.09",25400,700012,85.4,12.97,64,44.7725,-165,-58.1315,2,11,0.7,270.6,5.559,0.7462083,-0.9688584,3,26,15,9,5,410000
"2018-03-26 15:09:13.51",25401,700013,119.6,12.97,64,44.7729,-165,-58.1324,2,11,0.7,270.4,7.779,0.746215,-0.9688734,3,26,15,9,12,830000
"2018-03-26 15:09:22.22",25402,700014,123.1,12.97,64,44.7733,-165,-58.1334,2,11,0.7,269.9,8.01,0.7462217,-0.96889,3,26,15,9,21,540000
"2018-03-26 15:09:30.42",25403,700015,122.8,12.97,64,44.7738,-165,-58.1338,2,11,0.7,270.4,7.989,0.74623,-0.9688967,3,26,15,9,29,740000
"2018-03-26 15:09:38.02",25404,700016,125,12.97,64,44.7743,-165,-58.1353,2,11,0.7,270.9,8.13,0.7462383,-0.9689217,3,26,15,9,37,340000
"2018-03-26 15:09:49.13",25405,700017,129.8,12.97,64,44.7745,-165,-58.1359,2,11,0.7,270.5,8.45,0.7462417,-0.9689316,3,26,15,9,48,450000
"2018-03-26 15:09:57.1",25406,700018,126.9,12.97,64,44.7751,-165,-58.1368,2,10,0.8,270.1,8.25,0.7462517,-0.9689466,3,26,15,9,56,410000
"2018-03-26 15:10:05.26",25407,700019,129.8,12.96,64,44.7753,-165,-58.1377,2,11,0.7,269.6,8.45,0.746255,-0.9689617,3,26,15,10,4,580000
"2018-03-26 15:10:16.53",25408,700020,127.7,12.97,64,44.7755,-165,-58.1385,2,11,0.7,269.7,8.31,0.7462584,-0.968975,3,26,15,10,15,850000
"2018-03-26 15:10:25.98",25409,700021,119.1,12.97,64,44.7759,-165,-58.1394,2,11,0.7,269.6,7.746,0.746265,-0.96899,3,26,15,10,25,300000
"2018-03-26 15:10:34.99",25410,700022,119.5,12.96,64,44.7763,-165,-58.1404,2,11,0.7,269.4,7.775,0.7462717,-0.9690066,3,26,15,10,34,310000
"2018-03-26 15:10:43.07",25411,700023,124.3,12.97,64,44.7767,-165,-58.1415,2,11,0.7,269.1,8.09,0.7462783,-0.969025,3,26,15,10,42,390000
"2018-03-26 15:10:52.23",25412,700024,118.4,12.97,64,44.777,-165,-58.1427,2,11,0.7,268.4,7.702,0.7462834,-0.969045,3,26,15,10,51,550000
"2018-03-26 15:11:20.94",25413,700025,103.5,12.96,64,44.7773,-165,-58.1433,2,11,0.7,268.4,6.736,0.7462883,-0.969055,3,26,15,11,20,260000
"2018-03-26 15:11:28.02",25414,700026,117.3,12.96,64,44.7777,-165,-58.1443,2,11,0.7,268.6,7.633,0.746295,-0.9690716,3,26,15,11,27,340000
"2018-03-26 15:11:35.77",25415,700027,124.6,12.96,64,44.7782,-165,-58.1453,2,11,0.7,268.5,8.11,0.7463033,-0.9690884,3,26,15,11,35,80000
"2018-03-26 15:11:43.87",25416,700028,112.3,12.96,64,44.7787,-165,-58.1462,2,11,0.7,269.1,7.31,0.7463118,-0.9691033,3,26,15,11,43,190000
"2018-03-26 15:11:51.29",25417,700029,108.2,12.96,64,44.7791,-165,-58.147,2,11,0.7,269.5,7.041,0.7463183,-0.9691166,3,26,15,11,50,610000
"2018-03-26 15:12:00.06",25418,700030,117.6,12.96,64,44.7793,-165,-58.1457,2,11,0.7,269,7.651,0.7463217,-0.969095,3,26,15,11,59,380000
"2018-03-26 15:12:08.81",25419,700031,107.3,12.96,64,44.7794,-165,-58.1445,2,11,0.7,268.7,6.979,0.7463234,-0.969075,3,26,15,12,8,120000
"2018-03-26 15:12:19.23",25420,700032,125.5,12.96,64,44.7795,-165,-58.1433,2,11,0.7,268.5,8.17,0.746325,-0.969055,3,26,15,12,18,550000
"2018-03-26 15:12:28.13",25421,700033,125.9,12.96,64,44.7795,-165,-58.1416,2,11,0.7,268.7,8.19,0.746325,-0.9690267,3,26,15,12,27,450000
"2018-03-26 15:12:37.27",25422,700034,124,12.96,64,44.7796,-165,-58.1402,2,10,0.7,268.8,8.07,0.7463266,-0.9690034,3,26,15,12,36,590000
"2018-03-26 15:12:48.72",25423,700035,129.8,12.96,64,44.7796,-165,-58.1391,2,10,0.7,268.7,8.44,0.7463266,-0.968985,3,26,15,12,48,40000
"2018-03-26 15:12:59",25424,700036,129.7,12.96,64,44.7797,-165,-58.138,2,10,0.7,268.8,8.44,0.7463283,-0.9689666,3,26,15,12,58,320000
"2018-03-26 15:13:08.06",25425,700037,125.3,12.94,64,44.7797,-165,-58.1359,2,10,0.7,269.4,8.15,0.7463283,-0.9689316,3,26,15,13,7,380000
"2018-03-26 15:13:19.69",25426,700038,121.4,12.94,64,44.78,-165,-58.1352,2,10,0.7,269.7,7.898,0.7463333,-0.96892,3,26,15,13,19,10000
"2018-03-26 15:13:29.85",25427,700039,118.8,12.94,64,44.7799,-165,-58.1334,2,10,0.7,269.5,7.731,0.7463316,-0.96889,3,26,15,13,29,170000
"2018-03-26 15:13:37.45",25428,700040,104.2,12.95,64,44.7799,-165,-58.1329,2,10,0.7,269.2,6.779,0.7463316,-0.9688817,3,26,15,13,36,770000
"2018-03-26 15:13:43.76",25429,700041,97.8,12.94,64,44.78,-165,-58.1319,2,10,0.7,269.3,6.361,0.7463333,-0.968865,3,26,15,13,43,80000
"2018-03-26 15:13:53.93",25430,700042,86.5,12.94,64,44.78,-165,-58.1306,2,10,0.7,269.1,5.627,0.7463333,-0.9688434,3,26,15,13,53,250000
"2018-03-26 15:14:01.31",25431,700043,108.3,12.94,64,44.7801,-165,-58.1292,2,10,0.7,269.1,7.048,0.746335,-0.96882,3,26,15,14,0,630000
"2018-03-26 15:14:09.65",25432,700044,117.9,12.94,64,44.7801,-165,-58.1275,2,10,0.7,269.2,7.673,0.746335,-0.9687917,3,26,15,14,8,970000
"2018-03-26 15:14:21.29",25433,700045,106,12.95,64,44.7802,-165,-58.1261,2,10,0.7,269.1,6.899,0.7463367,-0.9687683,3,26,15,14,20,610000
"2018-03-26 15:14:30.11",25434,700046,107.4,12.94,64,44.7801,-165,-58.1248,2,10,0.7,268.6,6.99,0.746335,-0.9687467,3,26,15,14,29,420000
"2018-03-26 15:14:37.88",25435,700047,129.4,12.94,64,44.7803,-165,-58.1236,2,10,0.7,268.3,8.42,0.7463383,-0.9687267,3,26,15,14,37,200000
"2018-03-26 15:14:48.42",25436,700048,128.8,12.94,64,44.7801,-165,-58.1225,2,9,0.8,268.1,8.38,0.746335,-0.9687083,3,26,15,14,47,730000
"2018-03-26 15:14:55.96",25437,700049,128.1,12.94,64,44.7802,-165,-58.1213,2,9,0.8,268.1,8.33,0.7463367,-0.9686883,3,26,15,14,55,280000
"2018-03-26 15:15:15.12",25438,700050,129.8,12.94,64,44.7803,-165,-58.1201,2,10,0.7,268.2,8.45,0.7463383,-0.9686683,3,26,15,15,14,440000
"2018-03-26 15:17:12.56",25439,700051,129.8,12.93,64,44.7808,-165,-58.1179,2,11,0.7,267.8,8.44,0.7463466,-0.9686317,3,26,15,17,11,880000
"2018-03-26 15:17:40.96",25440,700052,129.9,12.93,64,44.7809,-165,-58.1159,2,11,0.7,267.6,8.45,0.7463483,-0.9685983,3,26,15,17,40,280000
"2018-03-26 15:18:06.88",25441,700053,110.2,12.93,64,44.7809,-165,-58.1153,2,11,0.7,267.9,7.171,0.7463483,-0.9685883,3,26,15,18,6,200000
"2018-03-26 15:18:18.93",25442,700054,129.8,12.93,64,44.7809,-165,-58.114,2,11,0.7,267.7,8.45,0.7463483,-0.9685666,3,26,15,18,18,250000
"2018-03-26 15:18:56.41",25443,700055,128.5,12.92,64,44.7809,-165,-58.1129,2,11,0.7,267.4,8.36,0.7463483,-0.9685483,3,26,15,18,55,730000
"2018-03-26 15:19:09.08",25444,700056,129.8,12.92,64,44.7807,-165,-58.1114,2,11,0.7,267.2,8.45,0.746345,-0.9685234,3,26,15,19,8,400000
"2018-03-26 15:19:52.31",25445,700057,127.4,12.92,64,44.7807,-165,-58.1104,2,11,0.7,267.3,8.29,0.746345,-0.9685067,3,26,15,19,51,630000
"2018-03-26 15:20:00.47",25446,700058,118,12.92,64,44.7805,-165,-58.1093,2,11,0.7,267.2,7.679,0.7463417,-0.9684883,3,26,15,19,59,790000
"2018-03-26 15:20:09.37",25447,700059,127.1,12.92,64,44.7805,-165,-58.1081,2,11,0.7,267.3,8.27,0.7463417,-0.9684684,3,26,15,20,8,690000
"2018-03-26 15:20:18.79",25448,700060,128.9,12.92,64,44.7806,-165,-58.1071,2,11,0.7,267.1,8.38,0.7463434,-0.9684517,3,26,15,20,18,110000
"2018-03-26 15:20:28.74",25449,700061,129.8,12.92,64,44.7803,-165,-58.1049,2,11,0.7,267.2,8.44,0.7463383,-0.968415,3,26,15,20,28,50000
"2018-03-26 15:21:47.81",25450,700062,125.1,12.91,64,44.7801,-165,-58.1064,2,11,0.7,267.4,8.14,0.746335,-0.96844,3,26,15,21,47,130000
"2018-03-26 15:21:58.66",25451,700063,116.8,12.92,64,44.7796,-165,-58.1074,2,11,0.7,267.5,7.599,0.7463266,-0.9684566,3,26,15,21,57,980000
"2018-03-26 15:22:06.74",25452,700064,127.5,12.92,64,44.7792,-165,-58.1081,2,11,0.7,268,8.29,0.74632,-0.9684684,3,26,15,22,6,60000
"2018-03-26 15:22:16.14",25453,700065,128.8,12.91,64,44.7787,-165,-58.109,2,11,0.7,268,8.38,0.7463118,-0.9684834,3,26,15,22,15,460000
"2018-03-26 15:22:24.69",25454,700066,119.9,12.92,64,44.7783,-165,-58.1097,2,12,0.7,268,7.799,0.746305,-0.968495,3,26,15,22,24,10000
"2018-03-26 15:22:34.02",25455,700067,87.6,12.91,64,44.778,-165,-58.1102,2,12,0.7,268,5.699,0.7463,-0.9685033,3,26,15,22,33,340000
"2018-03-26 15:22:41.76",25456,700068,119.9,12.91,64,44.7776,-165,-58.111,2,12,0.7,267.8,7.803,0.7462933,-0.9685166,3,26,15,22,41,80000
"2018-03-26 15:22:51.56",25457,700069,128.7,12.91,64,44.7772,-165,-58.112,2,12,0.7,267.4,8.37,0.7462866,-0.9685334,3,26,15,22,50,880000
"2018-03-26 15:23:02.12",25458,700070,125,12.91,64,44.7766,-165,-58.1128,2,11,0.7,267.1,8.13,0.7462766,-0.9685467,3,26,15,23,1,440000
"2018-03-26 15:23:12.08",25459,700071,129.8,12.91,64,44.7762,-165,-58.1135,2,12,0.7,267.2,8.45,0.74627,-0.9685583,3,26,15,23,11,400000
"2018-03-26 15:23:49.54",25460,700072,126.5,12.9,64,44.7758,-165,-58.1147,2,12,0.7,267.7,8.23,0.7462634,-0.9685783,3,26,15,23,48,860000
"2018-03-26 15:23:59.26",25461,700073,129.8,12.9,64,44.7757,-165,-58.1153,2,12,0.7,266.6,8.44,0.7462617,-0.9685883,3,26,15,23,58,580000
"2018-03-26 15:24:07.49",25462,700074,125.8,12.9,64,44.7751,-165,-58.1158,2,12,0.7,266.6,8.19,0.7462517,-0.9685966,3,26,15,24,6,810000
"2018-03-26 15:24:15.18",25463,700075,109.3,12.9,64,44.7745,-165,-58.1176,2,12,0.7,266.8,7.112,0.7462417,-0.9686266,3,26,15,24,14,500000
"2018-03-26 15:24:22.17",25464,700076,107.6,12.9,64,44.774,-165,-58.1181,2,12,0.7,267,7.003,0.7462333,-0.968635,3,26,15,24,21,490000
"2018-03-26 15:24:29.97",25465,700077,111.4,12.9,64,44.7734,-165,-58.1189,2,11,0.7,267,7.25,0.7462234,-0.9686483,3,26,15,24,29,280000
"2018-03-26 15:24:37.51",25466,700078,129.2,12.9,64,44.7731,-165,-58.1194,2,12,0.7,266.9,8.41,0.7462184,-0.9686566,3,26,15,24,36,830000
"2018-03-26 15:24:45.27",25467,700079,110,12.9,64,44.7727,-165,-58.1202,2,12,0.7,266.2,7.16,0.7462117,-0.96867,3,26,15,24,44,590000
"2018-03-26 15:24:52.39",25468,700080,106.7,12.9,64,44.7724,-165,-58.1208,2,12,0.7,266.3,6.945,0.7462066,-0.96868,3,26,15,24,51,710000
"2018-03-26 15:24:59.4",25469,700081,120.3,12.9,64,44.7718,-165,-58.1215,2,12,0.7,266.3,7.828,0.7461967,-0.9686917,3,26,15,24,58,720000
"2018-03-26 15:25:05.76",25470,700082,98.7,12.9,64,44.7715,-165,-58.1224,2,12,0.7,265.8,6.422,0.7461917,-0.9687066,3,26,15,25,5,80000
"2018-03-26 15:25:12.38",25471,700083,91.6,12.9,64,44.7712,-165,-58.1233,2,12,0.7,266.1,5.957,0.7461866,-0.9687216,3,26,15,25,11,700000
"2018-03-26 15:25:18.81",25472,700084,97.6,12.9,64,44.7707,-165,-58.1241,2,10,0.8,266.1,6.353,0.7461783,-0.968735,3,26,15,25,18,130000
"2018-03-26 15:25:25.38",25473,700085,91.6,12.9,64,44.7704,-165,-58.125,2,11,0.7,266.2,5.957,0.7461734,-0.96875,3,26,15,25,24,700000
"2018-03-26 15:54:39.53",25474,700086,98.3,12.81,64,44.7706,-165,-58.1234,2,12,0.7,264.9,6.393,0.7461766,-0.9687234,3,26,15,54,38,850000
"2018-03-26 15:54:52.67",25475,700087,113.4,12.81,64,44.769,-165,-58.12,2,12,0.7,264.9,7.381,0.74615,-0.9686666,3,26,15,54,51,990000
"2018-03-26 15:55:03.95",25476,700088,109.8,12.81,64,44.767,-165,-58.1166,2,12,0.7,264.8,7.141,0.7461166,-0.96861,3,26,15,55,3,270000
"2018-03-26 15:55:17.47",25477,700089,75.65,12.8,64,44.7652,-165,-58.1129,2,12,0.7,265,4.922,0.7460867,-0.9685483,3,26,15,55,16,790000
"2018-03-26 15:55:28.52",25478,700090,113.2,12.81,64,44.7634,-165,-58.1094,2,12,0.7,264.8,7.363,0.7460566,-0.96849,3,26,15,55,27,840000
"2018-03-26 15:55:40.54",25479,700091,105.3,12.8,64,44.7615,-165,-58.1056,2,12,0.7,265,6.851,0.746025,-0.9684266,3,26,15,55,39,860000
"2018-03-26 15:56:38.58",25480,700092,86.6,12.8,64,44.7598,-165,-58.1024,2,12,0.7,265.3,5.638,0.7459966,-0.9683734,3,26,15,56,37,900000
"2018-03-26 15:56:50.62",25481,700093,101.6,12.8,64,44.758,-165,-58.0983,2,12,0.7,264.9,6.611,0.7459666,-0.968305,3,26,15,56,49,940000
"2018-03-26 15:57:02.75",25482,700094,115.6,12.8,64,44.7558,-165,-58.0948,2,12,0.7,264.6,7.519,0.7459299,-0.9682466,3,26,15,57,2,60000
"2018-03-26 15:57:15.43",25483,700095,115.2,12.8,64,44.7535,-165,-58.0914,2,12,0.7,264.5,7.494,0.7458917,-0.96819,3,26,15,57,14,750000
"2018-03-26 15:57:28.12",25484,700096,129.2,12.8,64,44.7511,-165,-58.0883,2,12,0.7,264.8,8.41,0.7458516,-0.9681383,3,26,15,57,27,440000
"2018-03-26 15:57:42.13",25485,700097,129.9,12.8,64,44.7488,-165,-58.0845,2,12,0.7,264.6,8.45,0.7458133,-0.968075,3,26,15,57,41,450000
"2018-03-26 15:57:55.8",25486,700098,127.5,12.8,64,44.7464,-165,-58.0804,2,12,0.7,264.4,8.3,0.7457733,-0.9680066,3,26,15,57,55,120000
"2018-03-26 15:58:08.47",25487,700099,127.2,12.79,64,44.7439,-165,-58.0768,2,12,0.7,264.4,8.28,0.7457317,-0.9679467,3,26,15,58,7,790000
"2018-03-26 15:58:23.1",25488,700100,125.2,12.8,64,44.7417,-165,-58.073,2,12,0.7,263.7,8.14,0.745695,-0.9678834,3,26,15,58,22,420000
"2018-03-26 15:58:37.03",25489,700101,129.2,12.79,64,44.7392,-165,-58.0694,2,12,0.7,263.3,8.41,0.7456534,-0.9678234,3,26,15,58,36,350000
"2018-03-26 15:58:49.79",25490,700102,127.9,12.8,64,44.7368,-165,-58.0661,2,12,0.7,263.6,8.32,0.7456134,-0.9677684,3,26,15,58,49,100000
"2018-03-26 15:59:00.41",25491,700103,96.9,12.8,64,44.7345,-165,-58.0622,2,12,0.7,263.4,6.306,0.745575,-0.9677033,3,26,15,58,59,720000
"2018-03-26 15:59:12.46",25492,700104,115.1,12.79,64,44.7324,-165,-58.0595,2,12,0.7,263.6,7.49,0.74554,-0.9676583,3,26,15,59,11,780000
"2018-03-26 15:59:27.41",25493,700105,126.5,12.79,64,44.7299,-165,-58.0562,2,12,0.7,263.2,8.23,0.7454983,-0.9676034,3,26,15,59,26,730000
"2018-03-26 15:59:38.52",25494,700106,120,12.79,64,44.7274,-165,-58.0533,2,12,0.7,262.7,7.81,0.7454567,-0.967555,3,26,15,59,37,840000
"2018-03-26 15:59:51.11",25495,700107,104.6,12.79,64,44.7251,-165,-58.0495,2,12,0.7,262.2,6.807,0.7454184,-0.9674917,3,26,15,59,50,430000
"2018-03-26 16:00:03.02",25496,700108,78.94,12.79,64,44.7227,-165,-58.046,2,12,0.7,262.4,5.136,0.7453783,-0.9674334,3,26,16,0,2,340000
"2018-03-26 16:00:14.84",25497,700109,88.3,12.79,64,44.7199,-165,-58.0426,2,12,0.7,262.2,5.743,0.7453317,-0.9673766,3,26,16,0,14,160000
"2018-03-26 16:00:28.98",25498,700110,72.47,12.79,64,44.717,-165,-58.0409,2,12,0.7,262.2,4.715,0.7452833,-0.9673483,3,26,16,0,28,300000
"2018-03-26 16:00:41.4",25499,700111,128.6,12.79,64,44.7144,-165,-58.038,2,12,0.7,261.2,8.37,0.74524,-0.9673,3,26,16,0,40,720000
"2018-03-26 16:00:53.32",25500,700112,118.8,12.79,64,44.7122,-165,-58.0351,2,12,0.7,260.3,7.73,0.7452033,-0.9672517,3,26,16,0,52,640000
"2018-03-26 16:01:05.55",25501,700113,117.5,12.79,64,44.7101,-165,-58.0329,2,12,0.7,260.2,7.643,0.7451683,-0.967215,3,26,16,1,4,870000
"2018-03-26 16:01:35.88",25502,700114,121.9,12.79,64,44.7077,-165,-58.0296,2,12,0.7,259.2,7.933,0.7451283,-0.96716,3,26,16,1,35,200000
"2018-03-26 16:01:47.53",25503,700115,124.5,12.79,64,44.7056,-165,-58.0261,2,11,0.7,259,8.1,0.7450934,-0.9671017,3,26,16,1,46,850000
"2018-03-26 16:01:59.4",25504,700116,120.9,12.78,64,44.7037,-165,-58.0225,2,12,0.7,258.1,7.864,0.7450617,-0.9670417,3,26,16,1,58,720000
"2018-03-26 16:02:10.83",25505,700117,94.7,12.78,64,44.7013,-165,-58.0194,2,12,0.7,257.5,6.161,0.7450217,-0.9669901,3,26,16,2,10,150000
"2018-03-26 16:02:21.8",25506,700118,81.7,12.79,64,44.699,-165,-58.0163,2,12,0.7,257.5,5.314,0.7449834,-0.9669383,3,26,16,2,21,120000
"2018-03-26 16:02:32.2",25507,700119,82.7,12.78,64,44.6967,-165,-58.0136,2,12,0.7,257.3,5.383,0.744945,-0.9668933,3,26,16,2,31,520000
"2018-03-26 16:02:45.22",25508,700120,83.5,12.78,64,44.6941,-165,-58.0096,2,12,0.7,256.6,5.434,0.7449017,-0.9668266,3,26,16,2,44,540000
"2018-03-26 16:02:57.59",25509,700121,119.6,12.78,64,44.6914,-165,-58.0051,2,12,0.7,255.8,7.781,0.7448566,-0.9667517,3,26,16,2,56,910000
"2018-03-26 16:03:08.28",25510,700122,115.5,12.79,64,44.6888,-165,-58.0023,2,12,0.7,255.4,7.516,0.7448134,-0.966705,3,26,16,3,7,600000
"2018-03-26 16:03:25.1",25511,700123,129.8,12.78,64,44.6863,-165,-57.9981,2,12,0.7,254.9,8.45,0.7447717,-0.966635,3,26,16,3,24,420000
"2018-03-26 16:03:48.78",25512,700124,125.7,12.78,64,44.6842,-165,-57.9943,2,12,0.7,254.3,8.18,0.7447366,-0.9665717,3,26,16,3,48,100000
"2018-03-26 16:04:01.87",25513,700125,124.8,12.78,64,44.6817,-165,-57.9909,2,12,0.7,254.2,8.12,0.744695,-0.966515,3,26,16,4,1,190000
"2018-03-26 16:04:12.45",25514,700126,113.4,12.78,64,44.6798,-165,-57.9878,2,12,0.7,254.3,7.381,0.7446633,-0.9664634,3,26,16,4,11,770000
"2018-03-26 16:04:25.17",25515,700127,104.5,12.78,64,44.6774,-165,-57.9838,2,12,0.7,254.1,6.796,0.7446233,-0.9663966,3,26,16,4,24,490000
"2018-03-26 16:04:36.67",25516,700128,124.7,12.77,64,44.6749,-165,-57.9808,2,12,0.7,253.7,8.11,0.7445816,-0.9663467,3,26,16,4,35,990000
"2018-03-26 16:04:47.98",25517,700129,79.61,12.78,64,44.6722,-165,-57.9772,2,12,0.7,253.6,5.18,0.7445366,-0.9662866,3,26,16,4,47,300000
"2018-03-26 16:04:58.36",25518,700130,84.2,12.78,64,44.6697,-165,-57.9738,2,12,0.7,253.6,5.481,0.744495,-0.96623,3,26,16,4,57,670000
"2018-03-26 16:05:08.81",25519,700131,75.26,12.78,64,44.6675,-165,-57.9699,2,12,0.7,254.3,4.897,0.7444583,-0.966165,3,26,16,5,8,130000
"2018-03-26 16:05:20.34",25520,700132,126.3,12.78,64,44.6646,-165,-57.9664,2,12,0.7,254.3,8.22,0.74441,-0.9661066,3,26,16,5,19,660000
"2018-03-26 16:05:30.95",25521,700133,97.4,12.78,64,44.6618,-165,-57.963,2,12,0.7,254.4,6.335,0.7443634,-0.96605,3,26,16,5,30,270000
"2018-03-26 16:05:45.55",25522,700134,104.1,12.78,64,44.6594,-165,-57.9593,2,12,0.7,255.2,6.771,0.7443234,-0.9659883,3,26,16,5,44,870000
"2018-03-26 16:05:55.87",25523,700135,106.6,12.77,64,44.6575,-165,-57.9548,2,12,0.7,254.8,6.938,0.7442917,-0.9659134,3,26,16,5,55,190000
"2018-03-26 16:06:07.22",25524,700136,121.4,12.78,64,44.655,-165,-57.9513,2,11,0.7,255,7.897,0.74425,-0.965855,3,26,16,6,6,540000
"2018-03-26 16:06:17.46",25525,700137,121.2,12.77,64,44.6527,-165,-57.9479,2,12,0.7,255.3,7.886,0.7442116,-0.9657983,3,26,16,6,16,780000
"2018-03-26 16:06:28.04",25526,700138,127,12.77,64,44.6501,-165,-57.9441,2,12,0.7,254.9,8.26,0.7441683,-0.965735,3,26,16,6,27,360000
"2018-03-26 16:06:38.52",25527,700139,92.1,12.77,64,44.6479,-165,-57.9412,2,12,0.7,255.3,5.994,0.7441317,-0.9656866,3,26,16,6,37,830000
"2018-03-26 16:06:48.5",25528,700140,77.88,12.77,64,44.6456,-165,-57.9375,2,12,0.7,255.3,5.067,0.7440933,-0.965625,3,26,16,6,47,820000
"2018-03-26 16:06:57.97",25529,700141,72.69,12.78,64,44.6435,-165,-57.9345,2,12,0.7,255.2,4.729,0.7440584,-0.965575,3,26,16,6,57,290000
"2018-03-26 16:07:08.4",25530,700142,70.79,12.77,64,44.6413,-165,-57.9317,2,12,0.7,255,4.606,0.7440217,-0.9655284,3,26,16,7,7,720000
"2018-03-26 16:07:17.83",25531,700143,88.6,12.77,64,44.6391,-165,-57.9286,2,11,0.8,254.8,5.765,0.743985,-0.9654767,3,26,16,7,17,150000
"2018-03-26 16:07:27.81",25532,700144,113.7,12.77,64,44.6366,-165,-57.9264,2,12,0.7,254.4,7.396,0.7439434,-0.96544,3,26,16,7,27,130000
"2018-03-26 16:07:36.7",25533,700145,103.4,12.77,64,44.6348,-165,-57.9225,2,12,0.7,254.3,6.727,0.7439134,-0.965375,3,26,16,7,36,20000
"2018-03-26 16:14:28.27",25534,700146,103.4,12.75,64,44.6351,-165,-57.9215,2,11,0.8,256.9,6.727,0.7439183,-0.9653584,3,26,16,14,27,590000
"2018-03-26 16:17:21.79",25535,700147,97,12.74,64,44.6343,-165,-57.9251,2,12,0.7,254.7,6.313,0.743905,-0.9654182,3,26,16,17,21,110000
"2018-03-26 16:17:40.78",25536,700148,117,12.74,64,44.6345,-165,-57.9245,2,12,0.7,254.4,7.61,0.7439083,-0.9654083,3,26,16,17,40,100000
"2018-03-26 16:17:55.99",25537,700149,93.1,12.74,64,44.6349,-165,-57.9237,2,12,0.7,254.8,6.059,0.743915,-0.965395,3,26,16,17,55,310000
"2018-03-26 16:18:11.39",25538,700150,93,12.74,64,44.6353,-165,-57.9229,2,12,0.7,254.6,6.052,0.7439216,-0.9653817,3,26,16,18,10,710000
"2018-03-26 16:18:29.28",25539,700151,95.4,12.74,64,44.6357,-165,-57.9214,2,12,0.7,254,6.204,0.7439283,-0.9653566,3,26,16,18,28,600000
"2018-03-26 16:18:50.03",25540,700152,83.7,12.74,64,44.636,-165,-57.9204,2,12,0.7,253.8,5.449,0.7439334,-0.9653399,3,26,16,18,49,350000
"2018-03-26 16:19:06.33",25541,700153,86.5,12.74,64,44.6365,-165,-57.9199,2,12,0.7,253.5,5.63,0.7439417,-0.9653317,3,26,16,19,5,650000
"2018-03-26 16:19:19.64",25542,700154,77.66,12.74,64,44.6368,-165,-57.9192,2,12,0.7,253.6,5.053,0.7439466,-0.96532,3,26,16,19,18,960000
"2018-03-26 16:19:31.31",25543,700155,94.7,12.74,64,44.6372,-165,-57.9181,2,12,0.7,253.5,6.161,0.7439534,-0.9653016,3,26,16,19,30,630000
"2018-03-26 16:19:43.27",25544,700156,94.3,12.74,64,44.6381,-165,-57.9172,2,12,0.7,253.9,6.135,0.7439683,-0.9652866,3,26,16,19,42,590000
"2018-03-26 16:19:53.88",25545,700157,95.4,12.74,64,44.6388,-165,-57.9166,2,12,0.7,254.7,6.204,0.7439801,-0.9652766,3,26,16,19,53,200000
"2018-03-26 16:20:04.78",25546,700158,89.4,12.74,64,44.6393,-165,-57.9157,2,12,0.7,255.6,5.816,0.7439883,-0.9652616,3,26,16,20,4,100000
"2018-03-26 16:20:15.69",25547,700159,75.09,12.74,64,44.6398,-165,-57.9147,2,12,0.7,256,4.886,0.7439966,-0.965245,3,26,16,20,15,10000
"2018-03-26 16:20:27.71",25548,700160,88.7,12.74,64,44.6401,-165,-57.9141,2,12,0.7,255.9,5.772,0.7440016,-0.965235,3,26,16,20,27,30000
"2018-03-26 16:20:38.02",25549,700161,77.27,12.74,64,44.6408,-165,-57.9129,2,12,0.7,256.3,5.027,0.7440134,-0.965215,3,26,16,20,37,340000
"2018-03-26 16:20:53.63",25550,700162,65.71,12.74,64,44.6411,-165,-57.9129,2,12,0.7,256.6,4.275,0.7440184,-0.965215,3,26,16,20,52,950000
"2018-03-26 16:21:06.89",25551,700163,75.71,12.74,64,44.6411,-165,-57.9119,2,12,0.7,256.2,4.926,0.7440184,-0.9651983,3,26,16,21,6,210000
"2018-03-26 16:21:23.46",25552,700164,77.27,12.74,64,44.6416,-165,-57.9111,2,12,0.7,256,5.027,0.7440267,-0.965185,3,26,16,21,22,780000
"2018-03-26 16:21:42.7",25553,700165,80.9,12.74,64,44.6421,-165,-57.9087,2,12,0.7,257.2,5.263,0.744035,-0.965145,3,26,16,21,42,20000
"2018-03-26 16:21:51.45",25554,700166,71.13,12.74,64,44.6426,-165,-57.907,2,12,0.7,258.5,4.628,0.7440434,-0.9651166,3,26,16,21,50,770000
"2018-03-26 16:22:01.43",25555,700167,67.67,12.74,64,44.6426,-165,-57.9056,2,12,0.7,258.5,4.403,0.7440434,-0.9650934,3,26,16,22,0,750000
"2018-03-26 16:22:11.07",25556,700168,86,12.73,64,44.6429,-165,-57.9054,2,12,0.7,257.6,5.594,0.7440483,-0.96509,3,26,16,22,10,390000
"2018-03-26 16:22:26.98",25557,700169,70.24,12.74,64,44.6431,-165,-57.9043,2,12,0.7,257.3,4.57,0.7440517,-0.9650717,3,26,16,22,26,300000
"2018-03-26 16:22:41.95",25558,700170,111.5,12.73,64,44.644,-165,-57.9027,2,12,0.7,257.2,7.258,0.7440666,-0.965045,3,26,16,22,41,270000
"2018-03-26 16:22:59.57",25559,700171,94.5,12.73,64,44.6445,-165,-57.9033,2,12,0.7,257.5,6.146,0.744075,-0.965055,3,26,16,22,58,890000
"2018-03-26 16:23:23.97",25560,700172,96.9,12.73,64,44.6446,-165,-57.9049,2,12,0.7,257.4,6.306,0.7440766,-0.9650816,3,26,16,23,23,290000
"2018-03-26 16:23:34.52",25561,700173,109.4,12.73,64,44.6448,-165,-57.9064,2,12,0.7,257.6,7.12,0.7440799,-0.9651066,3,26,16,23,33,840000
"2018-03-26 16:23:46.58",25562,700174,116.6,12.73,64,44.6448,-165,-57.9077,2,12,0.7,257.3,7.585,0.7440799,-0.9651283,3,26,16,23,45,900000
"2018-03-26 16:23:59.24",25563,700175,89.7,12.73,64,44.6446,-165,-57.9085,2,12,0.7,257.5,5.834,0.7440766,-0.9651417,3,26,16,23,58,560000
"2018-03-26 16:24:10.18",25564,700176,88.9,12.73,64,44.6447,-165,-57.9096,2,12,0.7,257.7,5.786,0.7440783,-0.96516,3,26,16,24,9,500000
"2018-03-26 16:24:30.54",25565,700177,81.1,12.73,64,44.6447,-165,-57.9121,2,12,0.7,257.8,5.274,0.7440783,-0.9652017,3,26,16,24,29,860000
"2018-03-26 16:24:49.46",25566,700178,78.67,12.73,64,44.6447,-165,-57.9135,2,12,0.7,258.1,5.118,0.7440783,-0.965225,3,26,16,24,48,780000
"2018-03-26 16:25:00.92",25567,700179,87.5,12.73,64,44.6444,-165,-57.9152,2,12,0.7,258.3,5.692,0.7440734,-0.9652533,3,26,16,25,0,240000
"2018-03-26 16:25:09.19",25568,700180,97.7,12.73,64,44.6444,-165,-57.9165,2,12,0.7,257.4,6.357,0.7440734,-0.965275,3,26,16,25,8,510000
"2018-03-26 16:25:19.63",25569,700181,91.4,12.73,64,44.6442,-165,-57.9182,2,12,0.7,258.2,5.946,0.74407,-0.9653034,3,26,16,25,18,950000
"2018-03-26 16:25:28.89",25570,700182,78.78,12.73,64,44.6442,-165,-57.9202,2,12,0.7,258.7,5.125,0.74407,-0.9653367,3,26,16,25,28,210000
"2018-03-26 16:28:22.61",25571,700183,71.91,12.72,64,44.6448,-165,-57.9168,2,12,0.7,257.3,4.679,0.7440799,-0.96528,3,26,16,28,21,930000
"2018-03-26 16:28:32.26",25572,700184,82,12.72,64,44.6446,-165,-57.9179,2,12,0.7,257.3,5.336,0.7440766,-0.9652983,3,26,16,28,31,580000
"2018-03-26 16:28:47.48",25573,700185,81.7,12.72,64,44.6447,-165,-57.9191,2,12,0.7,257.4,5.318,0.7440783,-0.9653184,3,26,16,28,46,800000
"2018-03-26 16:28:58.71",25574,700186,89.4,12.72,64,44.6446,-165,-57.9211,2,12,0.7,257.4,5.819,0.7440766,-0.9653517,3,26,16,28,58,30000
"2018-03-26 16:29:08.45",25575,700187,102.9,12.72,64,44.6447,-165,-57.9221,2,12,0.7,257.6,6.695,0.7440783,-0.9653683,3,26,16,29,7,770000
"2018-03-26 16:29:16.79",25576,700188,82.4,12.71,64,44.6448,-165,-57.9235,2,12,0.7,257.5,5.361,0.7440799,-0.9653917,3,26,16,29,16,110000
"2018-03-26 16:29:25.84",25577,700189,90.1,12.72,64,44.6444,-165,-57.9248,2,11,0.8,257.5,5.863,0.7440734,-0.9654134,3,26,16,29,25,160000
"2018-03-26 16:29:33.16",25578,700190,97.6,12.71,64,44.6442,-165,-57.9262,2,11,0.8,257.6,6.35,0.74407,-0.9654367,3,26,16,29,32,480000
"2018-03-26 16:29:41.72",25579,700191,83.8,12.72,64,44.644,-165,-57.9275,2,11,0.8,257.3,5.452,0.7440666,-0.9654583,3,26,16,29,41,40000
"2018-03-26 16:29:50.47",25580,700192,75.82,12.72,64,44.6441,-165,-57.9287,2,11,0.8,257,4.933,0.7440683,-0.9654783,3,26,16,29,49,790000
"2018-03-26 16:29:56.96",25581,700193,63.93,12.71,64,44.644,-165,-57.9298,2,11,0.8,256.9,4.159,0.7440666,-0.9654966,3,26,16,29,56,280000
"2018-03-26 16:30:03.54",25582,700194,71.91,12.72,64,44.644,-165,-57.9309,2,11,0.8,256.9,4.679,0.7440666,-0.965515,3,26,16,30,2,860000
"2018-03-26 16:30:10.51",25583,700195,84.9,12.71,64,44.6441,-165,-57.9325,2,11,0.8,256.9,5.521,0.7440683,-0.9655417,3,26,16,30,9,820000
"2018-03-26 16:30:18.91",25584,700196,70.01,12.72,64,44.6441,-165,-57.9341,2,11,0.8,256.7,4.555,0.7440683,-0.9655684,3,26,16,30,18,230000
"2018-03-26 16:30:27.35",25585,700197,80.7,12.72,64,44.6441,-165,-57.9357,2,11,0.8,256.5,5.253,0.7440683,-0.965595,3,26,16,30,26,670000
"2018-03-26 16:30:38.24",25586,700198,91.8,12.71,64,44.6442,-165,-57.9371,2,11,0.8,256.3,5.972,0.74407,-0.9656183,3,26,16,30,37,560000
"2018-03-26 16:30:48.06",25587,700199,70.12,12.71,64,44.6442,-165,-57.9389,2,11,0.8,256.2,4.562,0.74407,-0.9656483,3,26,16,30,47,380000
"2018-03-26 16:30:58.21",25588,700200,80.7,12.71,64,44.6441,-165,-57.9407,2,11,0.8,256.2,5.253,0.7440683,-0.9656783,3,26,16,30,57,530000
"2018-03-26 16:31:10.75",25589,700201,77.49,12.71,64,44.6433,-165,-57.9401,2,10,0.8,256,5.042,0.744055,-0.9656684,3,26,16,31,10,70000
"2018-03-26 16:31:19.61",25590,700202,68.45,12.71,64,44.6427,-165,-57.9393,2,10,0.8,255.7,4.453,0.744045,-0.965655,3,26,16,31,18,930000
"2018-03-26 16:31:28.44",25591,700203,79.17,12.71,64,44.6423,-165,-57.9386,2,10,0.8,255.6,5.151,0.7440383,-0.9656433,3,26,16,31,27,760000
"2018-03-26 16:31:39.2",25592,700204,65.66,12.71,64,44.6417,-165,-57.9375,2,10,0.8,255.4,4.272,0.7440283,-0.965625,3,26,16,31,38,520000
"2018-03-26 16:31:50.47",25593,700205,66.77,12.71,64,44.6413,-165,-57.937,2,10,0.8,255.1,4.344,0.7440217,-0.9656166,3,26,16,31,49,780000
"2018-03-26 16:31:56.69",25594,700206,64.21,12.71,64,44.641,-165,-57.9361,2,10,0.8,255.1,4.177,0.7440166,-0.9656017,3,26,16,31,56,10000
"2018-03-26 16:32:05.16",25595,700207,60.74,12.71,64,44.6404,-165,-57.9351,2,10,0.8,255,3.952,0.7440067,-0.965585,3,26,16,32,4,480000
"2018-03-26 16:32:12.78",25596,700208,71.41,12.71,64,44.6399,-165,-57.9341,2,11,0.8,255,4.646,0.7439983,-0.9655684,3,26,16,32,12,90000
"2018-03-26 16:32:24.51",25597,700209,79.56,12.71,64,44.6395,-165,-57.9334,2,11,0.8,254.9,5.176,0.7439917,-0.9655567,3,26,16,32,23,830000
"2018-03-26 16:32:35.78",25598,700210,81.1,12.71,64,44.639,-165,-57.9323,2,11,0.8,254.9,5.274,0.7439834,-0.9655383,3,26,16,32,35,90000
"2018-03-26 16:32:46.14",25599,700211,73.31,12.71,64,44.6385,-165,-57.9317,2,11,0.8,255,4.769,0.743975,-0.9655284,3,26,16,32,45,460000
"2018-03-26 16:32:58.6",25600,700212,52.03,12.71,64,44.6382,-165,-57.9305,2,11,0.8,254.8,3.385,0.74397,-0.9655083,3,26,16,32,57,920000
"2018-03-26 16:33:06.35",25601,700213,89,12.71,64,44.6378,-165,-57.9294,2,11,0.8,254.5,5.794,0.7439633,-0.9654901,3,26,16,33,5,670000
"2018-03-26 16:33:15.7",25602,700214,113.7,12.71,64,44.6374,-165,-57.9282,2,10,0.8,254.1,7.396,0.7439567,-0.96547,3,26,16,33,15,20000
"2018-03-26 16:33:24.76",25603,700215,99.4,12.71,64,44.6369,-165,-57.9278,2,10,0.8,254.2,6.466,0.7439483,-0.9654634,3,26,16,33,24,80000
"2018-03-26 16:33:34.22",25604,700216,103.8,12.7,64,44.6367,-165,-57.927,2,10,0.8,254.2,6.756,0.743945,-0.96545,3,26,16,33,33,540000
"2018-03-26 16:33:45.23",25605,700217,95.8,12.71,64,44.6359,-165,-57.9261,2,10,0.8,254.2,6.233,0.7439317,-0.965435,3,26,16,33,44,550000
"2018-03-26 16:33:56.09",25606,700218,94,12.71,64,44.6357,-165,-57.9251,2,10,0.8,254,6.113,0.7439283,-0.9654182,3,26,16,33,55,410000
"2018-03-26 16:34:05.2",25607,700219,119.5,12.7,64,44.6352,-165,-57.924,2,10,0.8,253.9,7.777,0.74392,-0.9654,3,26,16,34,4,520000
"2018-03-26 16:34:15.43",25608,700220,112.9,12.7,64,44.6349,-165,-57.9235,2,10,0.8,254.5,7.345,0.743915,-0.9653917,3,26,16,34,14,750000
"2018-03-26 16:37:26.24",25609,700221,12.12,12.69,64,44.6372,-165,-57.9261,2,9,0.8,254.5,0.788,0.7439534,-0.965435,3,26,16,37,25,560000
"2018-03-26 17:12:49.1",25610,700222,129.9,12.62,64,44.665,-165,-57.8143,2,10,0.8,260.3,8.45,0.7444166,-0.9635717,3,26,17,12,48,420000
"2018-03-26 17:13:17.77",25611,700223,129.8,12.62,64,44.6653,-165,-57.8155,2,10,0.8,261,8.45,0.7444217,-0.9635916,3,26,17,13,17,90000
"2018-03-26 17:13:38.69",25612,700224,129.8,12.62,64,44.6656,-165,-57.8169,2,10,0.8,261.7,8.45,0.7444266,-0.963615,3,26,17,13,38,10000
"2018-03-26 17:14:18.27",25613,700225,129.8,12.62,64,44.6662,-165,-57.8173,2,9,1,261,8.45,0.7444366,-0.9636217,3,26,17,14,17,580000
"2018-03-26 17:14:40.6",25614,700226,126,12.62,64,44.6666,-165,-57.8177,2,9,1,261.2,8.19,0.7444433,-0.9636283,3,26,17,14,39,920000
"2018-03-26 17:14:41.76",25615,700227,123.6,12.62,64,44.6663,-165,-57.8181,2,9,1,260.6,8.04,0.7444383,-0.963635,3,26,17,14,41,80000
"2018-03-26 17:15:31.06",25616,700228,129.8,12.62,64,44.6662,-165,-57.8186,2,8,1.1,259.7,8.45,0.7444366,-0.9636433,3,26,17,15,30,370000
"2018-03-26 17:15:51.66",25617,700229,129.9,12.62,64,44.6665,-165,-57.8196,2,9,1,259.7,8.45,0.7444417,-0.96366,3,26,17,15,50,980000
"2018-03-26 17:16:05.73",25618,700230,129.9,12.62,64,44.6666,-165,-57.8212,2,9,1,259.9,8.45,0.7444433,-0.9636867,3,26,17,16,5,50000
"2018-03-26 17:16:35.96",25619,700231,129.8,12.61,64,44.6673,-165,-57.8217,2,9,1,259.2,8.44,0.744455,-0.963695,3,26,17,16,35,280000
"2018-03-26 17:16:57.01",25620,700232,129.8,12.61,64,44.6675,-165,-57.8224,2,9,1,258.7,8.44,0.7444583,-0.9637066,3,26,17,16,56,320000
"2018-03-26 17:17:30.43",25621,700233,129.8,12.61,64,44.6679,-165,-57.8232,2,8,1.1,259,8.45,0.744465,-0.96372,3,26,17,17,29,750000
"2018-03-26 17:17:52.72",25622,700234,129.9,12.61,64,44.6683,-165,-57.8239,2,8,1.4,259.1,8.45,0.7444717,-0.9637317,3,26,17,17,52,30000
"2018-03-26 17:18:17.91",25623,700235,129.8,12.61,64,44.6685,-165,-57.825,2,10,1,258.8,8.45,0.744475,-0.96375,3,26,17,18,17,220000
"2018-03-26 17:18:45.25",25624,700236,124.6,12.61,64,44.6693,-165,-57.826,2,10,1,259.4,8.1,0.7444883,-0.9637667,3,26,17,18,44,570000
"2018-03-26 17:18:55.27",25625,700237,126.7,12.61,64,44.6696,-165,-57.828,2,10,1,259.5,8.25,0.7444934,-0.9638,3,26,17,18,54,590000
"2018-03-26 17:19:06.52",25626,700238,129.8,12.61,64,44.6697,-165,-57.8283,2,10,1,259.3,8.44,0.744495,-0.963805,3,26,17,19,5,840000
"2018-03-26 17:19:35",25627,700239,128.2,12.61,64,44.6704,-165,-57.8291,2,10,1,259.6,8.34,0.7445066,-0.9638184,3,26,17,19,34,320000
"2018-03-26 17:19:44.55",25628,700240,128.9,12.61,64,44.6707,-165,-57.8304,2,10,1,259.2,8.38,0.7445117,-0.9638399,3,26,17,19,43,870000
"2018-03-26 17:19:53.3",25629,700241,112.6,12.61,64,44.6714,-165,-57.8313,2,10,1,259.6,7.327,0.7445233,-0.963855,3,26,17,19,52,620000
"2018-03-26 17:20:00.19",25630,700242,109.4,12.61,64,44.6716,-165,-57.832,2,10,1,259.2,7.12,0.7445267,-0.9638666,3,26,17,19,59,510000
"2018-03-26 17:20:07.58",25631,700243,86,12.61,64,44.6721,-165,-57.8319,2,10,1,259.7,5.594,0.744535,-0.963865,3,26,17,20,6,900000
"2018-03-26 17:20:15.63",25632,700244,123.8,12.6,64,44.6723,-165,-57.8325,2,10,1,259.7,8.05,0.7445383,-0.963875,3,26,17,20,14,950000
"2018-03-26 17:20:22.74",25633,700245,109.2,12.61,64,44.6725,-165,-57.8326,2,10,1.3,260,7.105,0.7445417,-0.9638766,3,26,17,20,22,60000
"2018-03-26 17:20:30.54",25634,700246,110.9,12.61,64,44.6729,-165,-57.8335,2,10,1.3,260.3,7.214,0.7445484,-0.9638917,3,26,17,20,29,860000
"2018-03-26 17:20:37.47",25635,700247,128.4,12.61,64,44.6733,-165,-57.8347,2,10,1,260.1,8.35,0.744555,-0.9639117,3,26,17,20,36,790000
"2018-03-26 17:20:43.75",25636,700248,115.7,12.6,64,44.6735,-165,-57.8349,2,10,1,260.6,7.526,0.7445583,-0.963915,3,26,17,20,43,60000
"2018-03-26 17:20:49.39",25637,700249,122.7,12.6,64,44.6738,-165,-57.8354,2,10,1,260.6,7.98,0.7445634,-0.9639234,3,26,17,20,48,710000
"2018-03-26 17:21:01.16",25638,700250,111,12.6,64,44.6739,-165,-57.8344,2,10,1,260,7.221,0.744565,-0.9639066,3,26,17,21,0,480000
"2018-03-26 17:21:08.3",25639,700251,91.6,12.6,64,44.674,-165,-57.8331,2,10,1,259.4,5.957,0.7445666,-0.963885,3,26,17,21,7,620000
"2018-03-26 17:21:14.62",25640,700252,98,12.6,64,44.6742,-165,-57.8324,2,10,1,259.9,6.379,0.7445699,-0.9638734,3,26,17,21,13,940000
"2018-03-26 17:21:22.32",25641,700253,94.2,12.6,64,44.6743,-165,-57.8311,2,9,1,259.6,6.132,0.7445717,-0.9638517,3,26,17,21,21,640000
"2018-03-26 17:21:29.63",25642,700254,106.9,12.6,64,44.6741,-165,-57.8299,2,10,1,259.5,6.956,0.7445683,-0.9638317,3,26,17,21,28,950000
"2018-03-26 17:21:37.76",25643,700255,98.3,12.61,64,44.6743,-165,-57.8294,2,10,1,259.6,6.393,0.7445717,-0.9638233,3,26,17,21,37,80000
"2018-03-26 17:22:06.4",25644,700256,92.7,12.6,64,44.6744,-165,-57.828,2,9,1,260,6.03,0.7445734,-0.9638,3,26,17,22,5,720000
"2018-03-26 17:22:12.35",25645,700257,114.7,12.61,64,44.6743,-165,-57.8269,2,10,1,259.9,7.461,0.7445717,-0.9637817,3,26,17,22,11,670000
"2018-03-26 17:22:18.48",25646,700258,118.8,12.61,64,44.6743,-165,-57.8254,2,10,1,259.3,7.73,0.7445717,-0.9637567,3,26,17,22,17,790000
"2018-03-26 17:22:24.13",25647,700259,113.9,12.6,64,44.6745,-165,-57.8243,2,9,1,260,7.41,0.744575,-0.9637383,3,26,17,22,23,450000
"2018-03-26 17:22:31.11",25648,700260,106,12.6,64,44.6746,-165,-57.8233,2,9,1.1,259.9,6.894,0.7445766,-0.9637216,3,26,17,22,30,430000
"2018-03-26 17:22:39.25",25649,700261,127,12.6,64,44.6751,-165,-57.8223,2,10,1,260.1,8.26,0.744585,-0.963705,3,26,17,22,38,570000
"2018-03-26 17:22:49.08",25650,700262,125.8,12.6,64,44.675,-165,-57.8215,2,9,1,260.9,8.18,0.7445833,-0.9636917,3,26,17,22,48,400000
"2018-03-26 17:22:56.98",25651,700263,120.6,12.6,64,44.6748,-165,-57.8195,2,10,1,261.1,7.846,0.74458,-0.9636583,3,26,17,22,56,300000
"2018-03-26 17:23:06.67",25652,700264,124.3,12.6,64,44.6748,-165,-57.8182,2,9,1,261.3,8.09,0.74458,-0.9636366,3,26,17,23,5,990000
"2018-03-26 17:23:14.89",25653,700265,122.5,12.6,64,44.6749,-165,-57.8171,2,9,1,261.7,7.97,0.7445816,-0.9636183,3,26,17,23,14,210000
"2018-03-26 17:24:07.91",25654,700266,116.1,12.6,64,44.6753,-165,-57.8165,2,8,1.2,262.1,7.555,0.7445883,-0.9636084,3,26,17,24,7,230000
"2018-03-26 17:24:17.41",25655,700267,129,12.6,64,44.6753,-165,-57.8149,2,9,1,262.1,8.39,0.7445883,-0.9635817,3,26,17,24,16,730000
"2018-03-26 17:24:24.08",25656,700268,119.3,12.6,64,44.675,-165,-57.8137,2,9,1,262.4,7.763,0.7445833,-0.9635617,3,26,17,24,23,400000
"2018-03-26 17:24:32",25657,700269,121.5,12.6,64,44.675,-165,-57.8128,2,9,1,262.9,7.904,0.7445833,-0.9635467,3,26,17,24,31,320000
"2018-03-26 17:24:41.53",25658,700270,128,12.6,64,44.6748,-165,-57.811,2,9,1,262.8,8.33,0.74458,-0.9635166,3,26,17,24,40,850000
"2018-03-26 17:24:50.27",25659,700271,129.8,12.6,64,44.6749,-165,-57.8096,2,9,1,262.3,8.44,0.7445816,-0.9634934,3,26,17,24,49,590000
"2018-03-26 17:25:28.52",25660,700272,125.9,12.6,64,44.6755,-165,-57.8085,2,9,1,262.9,8.19,0.7445917,-0.963475,3,26,17,25,27,840000
"2018-03-26 17:25:43.93",25661,700273,129.8,12.6,64,44.6751,-165,-57.8069,2,8,1.1,262.4,8.45,0.744585,-0.9634483,3,26,17,25,43,240000
"2018-03-26 17:26:10.48",25662,700274,129.8,12.6,64,44.6756,-165,-57.8056,2,9,1,262.6,8.45,0.7445934,-0.9634266,3,26,17,26,9,800000
"2018-03-26 17:26:37.99",25663,700275,129.8,12.6,64,44.6756,-165,-57.8044,2,9,1,262,8.45,0.7445934,-0.9634067,3,26,17,26,37,310000
"2018-03-26 17:27:10.55",25664,700276,118.6,12.59,64,44.6758,-165,-57.8032,2,9,1,262.1,7.715,0.7445966,-0.9633866,3,26,17,27,9,870000
"2018-03-26 17:27:17.33",25665,700277,127.4,12.59,64,44.6759,-165,-57.8022,2,9,1,262.2,8.29,0.7445983,-0.96337,3,26,17,27,16,650000
"2018-03-26 17:27:24.71",25666,700278,124.8,12.59,64,44.6759,-165,-57.8013,2,9,1,262.5,8.12,0.7445983,-0.963355,3,26,17,27,24,30000
"2018-03-26 17:27:33.25",25667,700279,126.1,12.59,64,44.6759,-165,-57.8004,2,9,1,262.6,8.2,0.7445983,-0.96334,3,26,17,27,32,570000
"2018-03-26 17:27:40.89",25668,700280,124.7,12.59,64,44.6758,-165,-57.799,2,9,1,263,8.11,0.7445966,-0.9633166,3,26,17,27,40,210000
"2018-03-26 17:27:51.12",25669,700281,128.5,12.59,64,44.6759,-165,-57.7979,2,9,1,263.2,8.36,0.7445983,-0.9632984,3,26,17,27,50,440000
"2018-03-26 17:27:59.82",25670,700282,129.8,12.59,64,44.6759,-165,-57.7967,2,8,1.2,263.4,8.45,0.7445983,-0.9632783,3,26,17,27,59,140000
"2018-03-26 17:28:36.79",25671,700283,122.8,12.59,64,44.6756,-165,-57.795,2,9,1,263.2,7.991,0.7445934,-0.96325,3,26,17,28,36,110000
"2018-03-26 17:28:43.42",25672,700284,114.2,12.59,64,44.6754,-165,-57.7939,2,9,1,263.5,7.432,0.74459,-0.9632317,3,26,17,28,42,740000
"2018-03-26 17:28:50.45",25673,700285,104.8,12.59,64,44.6754,-165,-57.7929,2,9,1,263.7,6.818,0.74459,-0.963215,3,26,17,28,49,770000
"2018-03-26 17:28:57.3",25674,700286,117.1,12.58,64,44.6751,-165,-57.7917,2,7,1.3,263.3,7.621,0.744585,-0.963195,3,26,17,28,56,620000
"2018-03-26 17:29:06.82",25675,700287,96.8,12.58,64,44.6751,-165,-57.7896,2,9,1,263.4,6.295,0.744585,-0.96316,3,26,17,29,6,140000
"2018-03-26 17:29:14.32",25676,700288,114.8,12.58,64,44.6745,-165,-57.7905,2,9,1,263.2,7.468,0.744575,-0.963175,3,26,17,29,13,640000
"2018-03-26 17:29:20.98",25677,700289,102.1,12.59,64,44.6741,-165,-57.7915,2,9,1,263.2,6.64,0.7445683,-0.9631917,3,26,17,29,20,300000
"2018-03-26 17:29:27.6",25678,700290,89.9,12.58,64,44.6736,-165,-57.7919,2,9,1,263.3,5.848,0.74456,-0.9631984,3,26,17,29,26,920000
"2018-03-26 17:29:33.71",25679,700291,89,12.59,64,44.6732,-165,-57.7924,2,9,1,263.5,5.79,0.7445534,-0.9632066,3,26,17,29,33,30000
"2018-03-26 17:29:39.58",25680,700292,88.1,12.58,64,44.6729,-165,-57.793,2,9,1,263.5,5.732,0.7445484,-0.9632166,3,26,17,29,38,900000
"2018-03-26 17:29:45.43",25681,700293,103.4,12.59,64,44.6725,-165,-57.7938,2,9,1,263.1,6.727,0.7445417,-0.96323,3,26,17,29,44,750000
"2018-03-26 17:29:53.88",25682,700294,92.2,12.58,64,44.6723,-165,-57.7948,2,9,1.4,263,6.001,0.7445383,-0.9632466,3,26,17,29,53,200000
"2018-03-26 17:30:00.05",25683,700295,89.4,12.58,64,44.6718,-165,-57.7959,2,9,1,263,5.816,0.74453,-0.963265,3,26,17,29,59,370000
"2018-03-26 17:30:06.76",25684,700296,86.3,12.58,64,44.6714,-165,-57.797,2,9,1,263.1,5.612,0.7445233,-0.9632834,3,26,17,30,6,80000
"2018-03-26 17:30:12.77",25685,700297,99.2,12.58,64,44.671,-165,-57.7977,2,9,1,263,6.455,0.7445166,-0.963295,3,26,17,30,12,90000
"2018-03-26 17:30:18.89",25686,700298,95.5,12.58,64,44.6706,-165,-57.7985,2,9,1,263.2,6.215,0.74451,-0.9633083,3,26,17,30,18,210000
"2018-03-26 17:30:26.43",25687,700299,105.9,12.58,64,44.6702,-165,-57.7996,2,9,1,263.4,6.891,0.7445033,-0.9633266,3,26,17,30,25,750000
"2018-03-26 17:30:35",25688,700300,129.9,12.58,64,44.6698,-165,-57.8009,2,9,1,263.1,8.45,0.7444966,-0.9633483,3,26,17,30,34,320000
"2018-03-26 17:31:04.65",25689,700301,129.8,12.58,64,44.6698,-165,-57.8023,2,9,1,263.5,8.44,0.7444966,-0.9633716,3,26,17,31,3,970000
"2018-03-26 17:31:35.69",25690,700302,127.7,12.58,64,44.6697,-165,-57.8034,2,9,1,264.5,8.31,0.744495,-0.96339,3,26,17,31,35,10000
"2018-03-26 17:31:44.14",25691,700303,122.4,12.58,64,44.6692,-165,-57.8041,2,9,1,264.1,7.962,0.7444867,-0.9634017,3,26,17,31,43,460000
"2018-03-26 17:31:50.91",25692,700304,123.2,12.58,64,44.6686,-165,-57.8047,2,9,1,263.7,8.01,0.7444766,-0.9634116,3,26,17,31,50,220000
"2018-03-26 17:31:57.44",25693,700305,125.3,12.58,64,44.6681,-165,-57.8057,2,9,1,263.5,8.15,0.7444683,-0.9634283,3,26,17,31,56,760000
"2018-03-26 17:32:03.77",25694,700306,128.2,12.58,64,44.6679,-165,-57.8074,2,9,1,262.9,8.34,0.744465,-0.9634567,3,26,17,32,3,90000
"2018-03-26 17:32:17.39",25695,700307,129.9,12.58,64,44.6675,-165,-57.8085,2,9,1,262.9,8.45,0.7444583,-0.963475,3,26,17,32,16,710000
"2018-03-26 17:32:49.22",25696,700308,129.8,12.58,64,44.6675,-165,-57.81,2,9,1,263.7,8.45,0.7444583,-0.9635,3,26,17,32,48,540000
"2018-03-26 17:33:41.78",25697,700309,129.8,12.57,64,44.6675,-165,-57.8103,2,9,1.5,265.3,8.44,0.7444583,-0.963505,3,26,17,33,41,100000
"2018-03-26 17:34:12.15",25698,700310,129.8,12.57,64,44.6671,-165,-57.8118,2,9,1,265.7,8.44,0.7444517,-0.9635299,3,26,17,34,11,470000
"2018-03-26 17:34:20.63",25699,700311,129.5,12.58,64,44.6665,-165,-57.8139,2,9,1,265.8,8.43,0.7444417,-0.963565,3,26,17,34,19,950000
"2018-03-26 17:34:28.94",25700,700312,129.8,12.57,64,44.666,-165,-57.8148,2,9,1,265.6,8.45,0.7444334,-0.96358,3,26,17,34,28,260000
